spawns:
  default:
    world: 0f5e378c-28ef-497c-942e-bef9a2a5c10d
    world-name: world
    x: -232.55341563042978
    y: 78.0
    z: -371.7929337531089
    yaw: -159.8993377685547
    pitch: 6.600074768066406
