spawns:
  default:
    world: 0f5e378c-28ef-497c-942e-bef9a2a5c10d
    world-name: world
    x: -232.1332134078046
    y: 68.0
    z: -330.06150502674893
    yaw: -33.89971923828125
    pitch: 21.4499568939209
